list:::struct task_struct
init_tasks->next_task
[4160716800 3250692096 3250675712 3250667520 3250987008 
 3250978816 3250888704 4153163776 4153663488 4155981824 
 4154613760 4154474496 4151255040 4150353920 4150247424 
 4149018624 4149002240 4148912128 4148871168 4148207616
 4147781632 4151115776 4147806208 4147773440 4147830784 
 4147757056 4147675136 4147642368 4147470336 4146806784 
 4152762368  3224125440]

init_tasks->prev_task
[4152762368 4146806784 4147470336 4147642368 4147675136 
 4147757056 4147830784 4147773440 4147806208 4151115776 
 4147781632 4148207616 4148871168 4148912128 4149002240  
 4149018624 4150247424 4150353920 4151255040 4154474496
 4154613760 4155351040 4151402496 4155981824 4153663488 
 4153163776 3250888704 3250978816 3250987008 3250667520 
 3250675712 3250692096 4160716800 3224125440]

init_tasks->thread_group0->next
[3250978816 3250987008 3250667520 3250675712 3224125440]

init_tasks->thread_group0->prev
[3250675712 3224125440 3250978816 3250987008 3250667520]
