          1        189     557274     9606740                      210300            244752
          2        203     559559     9772680                      209929            255432
          3        199     557999     9740684                      209230            252266
          4        190     556326     9582064                      212661            257931
          5        193     558462     9668301                      211736            251601
          6        195     558248     9621632                      208309            241448
          7        201     560015     9785136                      209001            247529
          8        193     559240     9699367                      211622            251417
          9        206     560086     9787391                      209047            247641
         10        201     560097     9787325                      209032            247623
         11        195     559337     9700513                      211641            252388
         12        197     560130     9787117                      209028            247840
         13        198     559931     9780721                      208891            246895
         14        194     559156     9694058                      211508            251583
         15        202     560413     9794109                      209030            247768
         16        200     560129     9787256                      209022            247669
         17        195     559029     9709694                      211756            252458
         18        202     560143     9786916                      209028            247566
         19        199     560092     9806839                      209528            247843
         20         67     120661     2456467                       32025             76583
         21         42     103776     1576253                       27163             35993
         22         42     104553     1588592                       27390             36220
         23         43     106487     1611344                       27404             36234
         24         50     120290     1789828                       27688             38289
